0.07       69     19.6    
0.09       69     12      
0.12       68.6   26.2    
0.17       83     8   
0.1791     75     4  
0.1993     75     5  
0.20       72.9   29.6
0.24       79.69  2.99  
0.27       77     14   
0.28       88.8   36.6
0.30       81.7   6.22
0.31       78.18  4.74
0.34       83.8   3.66
0.35       82.7   9.1          
0.3519     83     14
0.36       79.94  3.38
0.38       81.5   1.9
0.3802     83     13.5
0.4        82.04  2.03 
0.4        95     17 
0.4004     77     10.2 
0.4247     87.1   11.2
0.43       86.45  3.97
0.44       82.6   7.8   
0.44       84.81  1.83            
0.4497     92.8   12.9 
0.47       89     34
0.4783     80.9   9 
0.48       87.79  2.03   
0.48       97     60
0.51       90.4   1.9
0.52       94.35  2.64
0.56       93.34  2.3
0.57       87.6   7.8
0.57       96.8   3.4
0.59       98.48  3.18
0.5929     104    13 
0.6        87.9   6.1
0.61       97.3   2.1
0.64       98.82  2.98
0.6797     92     8   
0.73       97.3   7
0.7812     105    12 
0.8754     125    17 
0.88       90     40   
0.9        117    23   
1.037      154    20 
1.3        168    17  
1.363      160    33.6  
1.43       177    18 
1.53       140    14   
1.75       202    40  
1.965      186.5  50.4
2.3        224    8.6
2.33       224    8
2.34       222    8.5
2.36       226    9.3