7.000000000000000666e-02 7.358581999999999823e+01 2.211657529207449180e+00
2.000000000000000111e-01 8.239539000000000613e+01 2.165647748734775391e+00
3.499999999999999778e-01 8.306166000000000338e+01 3.168775361192396112e+00
5.500000000000000444e-01 1.013470700000000022e+02 5.052813886588343628e+00
9.000000000000000222e-01 1.140062000000000069e+02 9.148794630988280829e+00
3.800000000000000044e-01 8.664829656826464088e+01 3.059803678049918929e+00
5.100000000000000089e-01 9.690440378610217920e+01 3.261588504094150576e+00
6.999999999999999556e-01 1.115625346007269201e+02 4.078643373133754579e+00
8.499999999999999778e-01 1.068045987642349814e+02 1.292087518974339488e+01
1.479999999999999982e+00 1.657714917553961982e+02 8.542878597630854998e+00
1.000000000000000082e-05 7.403000000000000114e+01 1.419999999999999929e+00
7.000000000000000666e-02 6.900000000000000000e+01 1.960000000000000142e+01
8.999999999999999667e-02 6.900000000000000000e+01 1.200000000000000000e+01
1.199999999999999956e-01 6.859999999999999432e+01 2.619999999999999929e+01
1.700000000000000122e-01 8.300000000000000000e+01 8.000000000000000000e+00
1.789999999999999925e-01 7.500000000000000000e+01 4.000000000000000000e+00
1.990000000000000102e-01 7.500000000000000000e+01 5.000000000000000000e+00
2.000000000000000111e-01 7.290000000000000568e+01 2.960000000000000142e+01
2.700000000000000178e-01 7.700000000000000000e+01 1.400000000000000000e+01
2.800000000000000266e-01 8.879999999999999716e+01 3.660000000000000142e+01
3.519999999999999796e-01 8.300000000000000000e+01 1.350000000000000000e+01
4.000000000000000222e-01 9.500000000000000000e+01 1.700000000000000000e+01
4.003999999999999782e-01 7.700000000000000000e+01 1.019999999999999929e+01
4.247000000000000219e-01 8.709999999999999432e+01 1.119999999999999929e+01
4.449699999999999767e-01 9.279999999999999716e+01 1.290000000000000036e+01
4.783000000000000029e-01 8.090000000000000568e+01 9.000000000000000000e+00
4.799999999999999822e-01 9.700000000000000000e+01 6.200000000000000000e+01
5.929999999999999716e-01 1.040000000000000000e+02 1.300000000000000000e+01
6.800000000000000488e-01 9.200000000000000000e+01 8.000000000000000000e+00
7.810000000000000275e-01 1.050000000000000000e+02 1.200000000000000000e+01
8.750000000000000000e-01 1.250000000000000000e+02 1.700000000000000000e+01
8.800000000000000044e-01 9.000000000000000000e+01 4.000000000000000000e+01
9.000000000000000222e-01 1.170000000000000000e+02 2.300000000000000000e+01
1.036999999999999922e+00 1.540000000000000000e+02 2.000000000000000000e+01
1.300000000000000044e+00 1.680000000000000000e+02 1.700000000000000000e+01
1.362999999999999989e+00 1.600000000000000000e+02 3.360000000000000142e+01
1.429999999999999938e+00 1.770000000000000000e+02 1.800000000000000000e+01
1.530000000000000027e+00 1.400000000000000000e+02 1.400000000000000000e+01
1.750000000000000000e+00 2.020000000000000000e+02 4.000000000000000000e+01
1.965000000000000080e+00 1.865000000000000000e+02 5.039999999999999858e+01
