7.000000000000000666e-02 6.938119999999999266e+01 2.478733370090457910e+00
2.000000000000000111e-01 7.768739999999999668e+01 2.533924247091850379e+00
3.499999999999999778e-01 7.831560000000000343e+01 3.348789930706313811e+00
5.500000000000000444e-01 9.555619999999998981e+01 5.109094633102816196e+00
9.000000000000000222e-01 1.074920000000000044e+02 8.872364510095378520e+00
3.800000000000000044e-01 8.171046879900451643e+01 3.288777809164856070e+00
5.100000000000000089e-01 9.138211108180610154e+01 3.546097302688656860e+00
6.999999999999999556e-01 1.052049187770100502e+02 4.349905308616848210e+00
8.499999999999999778e-01 1.007181235010173452e+02 1.233884229507714636e+01
1.479999999999999982e+00 1.563246692815511665e+02 8.603188539214972508e+00
1.000000000000000082e-05 6.979999999999999716e+01 1.899999999999999911e+00
7.000000000000000666e-02 6.900000000000000000e+01 1.960000000000000142e+01
8.999999999999999667e-02 6.900000000000000000e+01 1.200000000000000000e+01
1.199999999999999956e-01 6.859999999999999432e+01 2.619999999999999929e+01
1.700000000000000122e-01 8.300000000000000000e+01 8.000000000000000000e+00
1.789999999999999925e-01 7.500000000000000000e+01 4.000000000000000000e+00
1.990000000000000102e-01 7.500000000000000000e+01 5.000000000000000000e+00
2.000000000000000111e-01 7.290000000000000568e+01 2.960000000000000142e+01
2.700000000000000178e-01 7.700000000000000000e+01 1.400000000000000000e+01
2.800000000000000266e-01 8.879999999999999716e+01 3.660000000000000142e+01
3.519999999999999796e-01 8.300000000000000000e+01 1.350000000000000000e+01
4.000000000000000222e-01 9.500000000000000000e+01 1.700000000000000000e+01
4.003999999999999782e-01 7.700000000000000000e+01 1.019999999999999929e+01
4.247000000000000219e-01 8.709999999999999432e+01 1.119999999999999929e+01
4.449699999999999767e-01 9.279999999999999716e+01 1.290000000000000036e+01
4.783000000000000029e-01 8.090000000000000568e+01 9.000000000000000000e+00
4.799999999999999822e-01 9.700000000000000000e+01 6.200000000000000000e+01
5.929999999999999716e-01 1.040000000000000000e+02 1.300000000000000000e+01
6.800000000000000488e-01 9.200000000000000000e+01 8.000000000000000000e+00
7.810000000000000275e-01 1.050000000000000000e+02 1.200000000000000000e+01
8.750000000000000000e-01 1.250000000000000000e+02 1.700000000000000000e+01
8.800000000000000044e-01 9.000000000000000000e+01 4.000000000000000000e+01
9.000000000000000222e-01 1.170000000000000000e+02 2.300000000000000000e+01
1.036999999999999922e+00 1.540000000000000000e+02 2.000000000000000000e+01
1.300000000000000044e+00 1.680000000000000000e+02 1.700000000000000000e+01
1.362999999999999989e+00 1.600000000000000000e+02 3.360000000000000142e+01
1.429999999999999938e+00 1.770000000000000000e+02 1.800000000000000000e+01
1.530000000000000027e+00 1.400000000000000000e+02 1.400000000000000000e+01
1.750000000000000000e+00 2.020000000000000000e+02 4.000000000000000000e+01
1.965000000000000080e+00 1.865000000000000000e+02 5.039999999999999858e+01
