7.000000000000000666e-02 6.699560000000001025e+01 1.627921693448428853e+00
2.000000000000000111e-01 7.501620000000001198e+01 1.458353952235190487e+00
3.499999999999999778e-01 7.562280000000001223e+01 2.556121953272183056e+00
5.500000000000000444e-01 9.227060000000000173e+01 4.301017866738058970e+00
9.000000000000000222e-01 1.037960000000000065e+02 8.124570388642098351e+00
3.800000000000000044e-01 7.891453704862955476e+01 2.412836262078738692e+00
5.100000000000000089e-01 8.825523946369801820e+01 2.528315941327601291e+00
6.999999999999999556e-01 1.016050645964176340e+02 3.252039831181757989e+00
8.499999999999999778e-01 9.727179644557710958e+01 1.164145760734975177e+01
1.479999999999999982e+00 1.509756226705680717e+02 7.308853547724409871e+00
1.000000000000000082e-05 6.740000000000000568e+01 5.000000000000000000e-01
7.000000000000000666e-02 6.900000000000000000e+01 1.960000000000000142e+01
8.999999999999999667e-02 6.900000000000000000e+01 1.200000000000000000e+01
1.199999999999999956e-01 6.859999999999999432e+01 2.619999999999999929e+01
1.700000000000000122e-01 8.300000000000000000e+01 8.000000000000000000e+00
1.789999999999999925e-01 7.500000000000000000e+01 4.000000000000000000e+00
1.990000000000000102e-01 7.500000000000000000e+01 5.000000000000000000e+00
2.000000000000000111e-01 7.290000000000000568e+01 2.960000000000000142e+01
2.700000000000000178e-01 7.700000000000000000e+01 1.400000000000000000e+01
2.800000000000000266e-01 8.879999999999999716e+01 3.660000000000000142e+01
3.519999999999999796e-01 8.300000000000000000e+01 1.350000000000000000e+01
4.000000000000000222e-01 9.500000000000000000e+01 1.700000000000000000e+01
4.003999999999999782e-01 7.700000000000000000e+01 1.019999999999999929e+01
4.247000000000000219e-01 8.709999999999999432e+01 1.119999999999999929e+01
4.449699999999999767e-01 9.279999999999999716e+01 1.290000000000000036e+01
4.783000000000000029e-01 8.090000000000000568e+01 9.000000000000000000e+00
4.799999999999999822e-01 9.700000000000000000e+01 6.200000000000000000e+01
5.929999999999999716e-01 1.040000000000000000e+02 1.300000000000000000e+01
6.800000000000000488e-01 9.200000000000000000e+01 8.000000000000000000e+00
7.810000000000000275e-01 1.050000000000000000e+02 1.200000000000000000e+01
8.750000000000000000e-01 1.250000000000000000e+02 1.700000000000000000e+01
8.800000000000000044e-01 9.000000000000000000e+01 4.000000000000000000e+01
9.000000000000000222e-01 1.170000000000000000e+02 2.300000000000000000e+01
1.036999999999999922e+00 1.540000000000000000e+02 2.000000000000000000e+01
1.300000000000000044e+00 1.680000000000000000e+02 1.700000000000000000e+01
1.362999999999999989e+00 1.600000000000000000e+02 3.360000000000000142e+01
1.429999999999999938e+00 1.770000000000000000e+02 1.800000000000000000e+01
1.530000000000000027e+00 1.400000000000000000e+02 1.400000000000000000e+01
1.750000000000000000e+00 2.020000000000000000e+02 4.000000000000000000e+01
1.965000000000000080e+00 1.865000000000000000e+02 5.039999999999999858e+01
